   1.0118454e+02
  -1.1291770e+02
   1.1147228e+02
   1.6878185e+01
   5.0003041e+01
  -8.3208224e+01
  -2.9501728e+01
  -1.3903208e+01
   2.1135785e+01
  -8.3510035e+01
   2.3581716e+01
  -6.0642360e+01
   3.3095024e+00
   3.2617794e+01
   1.6352998e+01
   5.4131675e+01
   5.0303856e+01
  -3.2545387e+01
   1.2852808e+01
  -4.7218890e+01
  -6.6089426e+01
   4.6241297e+01
   2.4924538e-03
  -2.7459457e+00
   4.5556363e+01
   2.9729185e+01
   1.7510059e+01
   6.2512561e+01
   4.6489473e+01
   1.1988163e+01
  -3.4518055e+01
  -3.2577682e+01
   5.9605094e+01
  -8.0591519e+01
  -1.2230968e+00
  -9.7442359e+01
   5.1024901e+01
   4.3085815e+01
   5.8104174e-02
  -3.5418607e+00
  -1.2431420e+02
   2.9058616e+01
  -1.0962175e+02
  -1.1596402e+02
   3.9966855e+00
  -4.7424049e+01
   2.0574531e+01
   3.3848890e+01
   4.2886627e+01
  -3.4557956e+01
   2.2468881e+01
   5.0316675e+00
   4.1303500e+01
   2.6807854e+01
   4.4894421e+01
  -6.5968934e+00
  -7.3600728e+00
   5.0388670e+01
  -1.0618277e+02
  -2.5229320e+01
  -6.3529722e+01
  -1.9129240e+01
   3.2433963e+01
   4.1286357e+01
  -5.0747182e+01
  -2.3553496e+01
   6.8512437e+00
  -1.4593169e+01
   1.5090928e+01
   1.9996547e+01
  -4.6498078e+01
  -8.8415133e+00
  -1.0660473e+02
   5.7268086e+01
  -3.1454538e+01
  -6.0192499e+01
  -1.2697234e+01
  -7.1432343e+01
  -1.0428809e+00
  -2.8033250e+01
   1.0888894e+02
   5.6923269e+01
  -1.2484433e+02
   2.2066347e+01
  -6.9906894e+01
  -1.2752759e+01
   8.2202037e+00
   3.7386701e+01
  -1.3652347e+01
   7.8815007e+01
  -2.4046858e+01
   1.6375606e+01
   3.3236706e+01
   4.2594296e+00
   4.4047639e+01
   1.6160657e+01
  -3.9207309e+01
  -9.0268668e+01
   9.2929647e+01
  -3.0226504e+01
   5.1679861e+00
   2.8158348e+01
   5.6798498e+00
  -4.5236311e+01
  -2.3385729e+01
  -6.2444974e+00
   7.3947925e+01
  -4.3040785e+01
   3.9233423e+01
   1.5431157e+01
  -1.1693002e+01
  -5.2848637e+01
  -1.4207048e+01
  -4.3345141e+00
  -7.3469754e+01
   9.6091122e+00
  -4.1114664e+01
  -4.7120294e+00
   1.6810667e+01
  -4.5232703e+01
  -1.4412818e+01
   1.7503138e+01
  -9.1792957e+01
   5.1798795e+01
   1.2122306e+02
   4.7970025e+01
  -1.5788600e+01
   2.1431134e+01
  -5.1799239e+01
   9.3893273e+01
   4.7035220e+01
   3.9367289e+01
  -4.3793713e+01
   1.5997457e+01
  -2.7914714e+01
  -1.5571471e+01
  -2.8500496e+01
  -5.1286681e+01
  -4.5437279e+01
  -1.0494867e+01
  -8.4943204e+01
   3.0380029e+01
  -5.8899145e+00
   3.4958017e+01
   1.3482432e+01
   2.4714353e+01
  -7.4156051e+01
  -5.1013219e+01
  -2.2349751e+01
   5.4829296e+00
   5.6436823e+01
  -1.4498152e+01
   6.3077536e+01
   2.3771241e+01
   5.8705838e+01
   6.3473534e+00
  -3.2840796e+01
  -7.4069954e+01
   7.7744498e+00
   4.0927568e+01
  -1.4629407e+01
  -2.7039321e+01
  -1.5432091e+01
  -5.4829665e+01
  -2.4650491e+01
  -9.0369678e+00
   2.2920553e+00
  -3.1891560e+00
   3.0566760e+01
   5.4658847e+00
   9.0700773e+01
   1.5601191e+01
   9.0224689e+01
  -3.6156074e+01
   2.6327352e+01
  -1.3012543e+01
   3.0007125e+01
   2.9696540e+01
  -1.0930108e+02
  -6.6352157e+01
  -7.2050680e+01
   2.0092225e+01
   7.3510064e+01
  -1.6340711e+01
   4.0616150e+01
   2.7277005e+01
  -5.2581615e+01
   1.9873350e+01
  -3.7594737e+01
   7.5813345e+01
  -1.6283255e+00
   8.1799983e+01
  -2.1252925e+01
   2.9471668e+01
  -3.1395613e+00
  -1.0109795e+02
  -4.9106576e+01
   3.0625565e+01
  -2.7443065e+00
  -5.5936600e+01
  -3.1318927e+01
   1.2475887e+01
  -4.9650950e+01
   4.8747511e+01
  -3.2035475e+01
   9.0443131e+01
  -5.3993313e+01
   9.9594722e+00
  -7.6051328e+01
  -3.6181556e+01
  -2.9662516e+01
   2.0066817e+01
   4.7106666e+01
   1.5024298e+01
  -1.8653533e+01
   4.0774425e+01
   3.9944350e+01
   6.0102641e+00
   2.8562381e+01
   2.0639801e+01
  -4.9348094e+01
   3.7978416e+01
  -3.2860065e+01
  -3.0195924e+01
   8.8473411e+00
  -1.5375173e+01
  -6.5910176e+00
   2.9767884e+01
   5.2341639e+01
  -9.8979316e+00
   1.6383908e+01
  -1.1915075e+01
   1.1479845e+01
   2.1999895e+01
  -3.0843296e+01
   1.3741839e+01
   3.0055102e+01
   4.6153976e+00
   8.6492070e+01
  -3.0427872e+01
  -3.6852989e+01
  -8.7493965e+01
   4.5524129e+01
   4.3354128e+01
  -3.9946420e+00
   4.4923799e+01
   9.1851712e+00
   1.4539507e+01
   5.6472359e+00
   2.1997609e+01
   5.0831222e+00
   1.3936676e+02
  -5.8333252e+01
  -9.2714954e+01
  -5.7034057e+01
  -5.4667173e+01
